181
100
205
209
156
136
254
70
134
60
88
75
61
137
29
15
215
112
23
112
41
121
174
166
153
249
234
27
106
139
254
130
231
138
194
50
231
153
55
197
18
223
61
170
225
152
236
94
196
82
44
16
78
65
216
164
209
247
66
100
145
22
142
202
134
195
114
99
226
206
245
179
53
245
199
197
170
52
9
215
105
158
108
143
210
95
161
93
112
72
168
215
34
213
196
187
133
114
104
6
215
90
212
212
188
34
42
79
232
141
197
136
29
111
124
114
29
205
97
196
32
11
92
154
243
83
208
55
56
101
197
87
232
74
69
1
198
130
78
91
229
198
231
86
161
123
180
96
105
237
59
158
178
162
184
76
9
12
60
151
120
97
137
76
17
199
235
252
5
60
137
56
0
156
37
96
28
53
30
54
243
124
229
121
130
165
219
201
69
239
52
190
187
131
30
33
103
194
39
184
49
11
54
87
185
153
189
62
175
190
82
131
99
105
44
4
197
76
179
101
50
24
62
19
179
38
224
143
87
157
121
47
236
212
112
102
81
46
17
230
5
147
115
231
46
88
6
171
3
107
131
210
96
32
235
